0.000  0.000  10.000  0.200  0.200  0.200  
0.018  0.018  10.018  0.196  0.196  -0.222  
0.036  0.036  9.998  0.191  0.191  -0.212  
0.053  0.053  9.979  0.186  0.186  -0.218  
0.069  0.069  9.959  0.181  0.181  -0.222  
0.086  0.086  9.939  0.176  0.176  -0.227  
0.102  0.102  9.919  0.172  0.172  -0.231  
0.117  0.117  9.898  0.168  0.168  -0.236  
0.132  0.132  9.877  0.163  0.163  -0.240  
0.147  0.147  9.855  0.159  0.159  -0.244  
0.161  0.161  9.833  0.155  0.155  -0.248  
0.175  0.175  9.811  0.151  0.151  -0.252  
0.189  0.189  9.788  0.147  0.147  -0.256  
0.202  0.202  9.765  0.144  0.144  -0.259  
0.215  0.215  9.742  0.140  0.140  -0.263  
0.228  0.228  9.718  0.137  0.137  -0.266  
0.240  0.240  9.694  0.133  0.133  -0.270  
0.252  0.252  9.670  0.130  0.130  -0.273  
0.264  0.264  9.646  0.126  0.126  -0.276  
0.275  0.275  9.621  0.123  0.123  -0.280  
0.286  0.286  9.596  0.120  0.120  -0.283  
0.297  0.297  9.570  0.117  0.117  -0.286  
0.307  0.307  9.544  0.114  0.114  -0.289  
0.318  0.318  9.518  0.111  0.111  -0.292  
0.328  0.328  9.492  0.108  0.108  -0.294  
0.337  0.337  9.466  0.105  0.105  -0.297  
0.347  0.347  9.439  0.103  0.103  -0.300  
0.356  0.356  9.412  0.100  0.100  -0.302  
0.365  0.365  9.385  0.098  0.098  -0.305  
0.374  0.374  9.357  0.095  0.095  -0.307  
0.382  0.382  9.330  0.093  0.093  -0.310  
0.391  0.391  9.302  0.090  0.090  -0.312  
0.399  0.399  9.274  0.088  0.088  -0.315  
0.407  0.407  9.245  0.086  0.086  -0.317  
0.415  0.415  9.217  0.083  0.083  -0.319  
0.422  0.422  9.188  0.081  0.081  -0.321  
0.429  0.429  9.159  0.079  0.079  -0.323  
0.436  0.436  9.130  0.077  0.077  -0.325  
0.443  0.443  9.101  0.075  0.075  -0.327  
0.450  0.450  9.071  0.073  0.073  -0.329  
0.457  0.457  9.042  0.071  0.071  -0.331  
0.463  0.463  9.012  0.069  0.069  -0.333  
0.469  0.469  8.982  0.067  0.067  -0.335  
0.475  0.475  8.952  0.066  0.066  -0.336  
0.481  0.481  8.922  0.064  0.064  -0.338  
0.487  0.487  8.891  0.062  0.062  -0.340  
0.493  0.493  8.861  0.061  0.061  -0.341  
0.498  0.498  8.830  0.059  0.059  -0.343  
0.503  0.503  8.799  0.057  0.057  -0.344  
0.509  0.509  8.768  0.056  0.056  -0.346  
0.514  0.514  8.737  0.054  0.054  -0.347  
0.518  0.518  8.706  0.053  0.053  -0.349  
0.523  0.523  8.674  0.052  0.052  -0.350  
0.528  0.528  8.643  0.050  0.050  -0.352  
0.532  0.532  8.611  0.049  0.049  -0.353  
0.537  0.537  8.579  0.047  0.047  -0.354  
0.541  0.541  8.548  0.046  0.046  -0.355  
0.545  0.545  8.516  0.045  0.045  -0.357  
0.549  0.549  8.483  0.044  0.044  -0.358  
0.553  0.553  8.451  0.043  0.043  -0.359  
0.557  0.557  8.419  0.041  0.041  -0.360  
0.561  0.561  8.387  0.040  0.040  -0.361  
0.564  0.564  8.354  0.039  0.039  -0.362  
0.568  0.568  8.321  0.038  0.038  -0.363  
0.571  0.571  8.289  0.037  0.037  -0.364  
0.575  0.575  8.256  0.036  0.036  -0.365  
0.578  0.578  8.223  0.035  0.035  -0.366  
0.581  0.581  8.190  0.034  0.034  -0.367  
0.584  0.584  8.157  0.033  0.033  -0.368  
0.587  0.587  8.124  0.032  0.032  -0.369  
0.590  0.590  8.091  0.031  0.031  -0.370  
0.593  0.593  8.057  0.031  0.031  -0.371  
0.596  0.596  8.024  0.030  0.030  -0.372  
0.598  0.598  7.991  0.029  0.029  -0.372  
0.601  0.601  7.957  0.028  0.028  -0.373  
0.604  0.604  7.924  0.027  0.027  -0.374  
0.606  0.606  7.890  0.027  0.027  -0.375  
0.608  0.608  7.856  0.026  0.026  -0.375  
0.611  0.611  7.822  0.025  0.025  -0.376  
0.613  0.613  7.789  0.025  0.025  -0.377  
0.615  0.615  7.755  0.024  0.024  -0.377  
0.617  0.617  7.721  0.023  0.023  -0.378  
0.619  0.619  7.687  0.023  0.023  -0.379  
0.621  0.621  7.653  0.022  0.022  -0.379  
0.623  0.623  7.618  0.021  0.021  -0.380  
0.625  0.625  7.584  0.021  0.021  -0.380  
0.627  0.627  7.550  0.020  0.020  -0.381  
0.629  0.629  7.516  0.020  0.020  -0.381  
0.631  0.631  7.481  0.019  0.019  -0.382  
0.633  0.633  7.447  0.019  0.019  -0.383  
0.634  0.634  7.413  0.018  0.018  -0.383  
0.636  0.636  7.378  0.018  0.018  -0.384  
0.637  0.637  7.344  0.017  0.017  -0.384  
0.639  0.639  7.309  0.017  0.017  -0.384  
0.640  0.640  7.274  0.016  0.016  -0.385  
0.642  0.642  7.240  0.016  0.016  -0.385  
0.643  0.643  7.205  0.015  0.015  -0.386  
0.645  0.645  7.170  0.015  0.015  -0.386  
0.646  0.646  7.136  0.014  0.014  -0.387  
0.647  0.647  7.101  0.014  0.014  -0.387  
0.649  0.649  7.066  0.014  0.014  -0.387  
0.650  0.650  7.031  0.013  0.013  -0.388  
0.651  0.651  6.996  0.013  0.013  -0.388  
0.652  0.652  6.961  0.013  0.013  -0.388  
0.653  0.653  6.926  0.012  0.012  -0.389  
0.654  0.654  6.891  0.012  0.012  -0.389  
0.655  0.655  6.856  0.012  0.012  -0.389  
0.657  0.657  6.821  0.011  0.011  -0.390  
0.658  0.658  6.786  0.011  0.011  -0.390  
0.658  0.658  6.751  0.011  0.011  -0.390  
0.659  0.659  6.716  0.010  0.010  -0.391  
0.660  0.660  6.681  0.010  0.010  -0.391  
0.661  0.661  6.646  0.010  0.010  -0.391  
0.662  0.662  6.611  0.009  0.009  -0.391  
0.663  0.663  6.575  0.009  0.009  -0.392  
0.664  0.664  6.540  0.009  0.009  -0.392  
0.665  0.665  6.505  0.009  0.009  -0.392  
0.665  0.665  6.469  0.008  0.008  -0.392  
0.666  0.666  6.434  0.008  0.008  -0.393  
0.667  0.667  6.399  0.008  0.008  -0.393  
0.668  0.668  6.363  0.008  0.008  -0.393  
0.668  0.668  6.328  0.008  0.008  -0.393  
0.669  0.669  6.293  0.007  0.007  -0.394  
0.670  0.670  6.257  0.007  0.007  -0.394  
0.670  0.670  6.222  0.007  0.007  -0.394  
0.671  0.671  6.186  0.007  0.007  -0.394  
0.672  0.672  6.151  0.007  0.007  -0.394  
0.672  0.672  6.115  0.006  0.006  -0.394  
0.673  0.673  6.080  0.006  0.006  -0.395  
0.673  0.673  6.044  0.006  0.006  -0.395  
0.674  0.674  6.009  0.006  0.006  -0.395  
0.674  0.674  5.973  0.006  0.006  -0.395  
0.675  0.675  5.938  0.006  0.006  -0.395  
0.675  0.675  5.902  0.005  0.005  -0.395  
0.676  0.676  5.867  0.005  0.005  -0.396  
0.676  0.676  5.831  0.005  0.005  -0.396  
0.677  0.677  5.795  0.005  0.005  -0.396  
0.677  0.677  5.760  0.005  0.005  -0.396  
0.678  0.678  5.724  0.005  0.005  -0.396  
0.678  0.678  5.688  0.005  0.005  -0.396  
0.678  0.678  5.653  0.004  0.004  -0.396  
0.679  0.679  5.617  0.004  0.004  -0.397  
0.679  0.679  5.581  0.004  0.004  -0.397  
0.680  0.680  5.546  0.004  0.004  -0.397  
0.680  0.680  5.510  0.004  0.004  -0.397  
0.680  0.680  5.474  0.004  0.004  -0.397  
0.681  0.681  5.439  0.004  0.004  -0.397  
0.681  0.681  5.403  0.004  0.004  -0.397  
0.681  0.681  5.367  0.003  0.003  -0.397  
0.682  0.682  5.331  0.003  0.003  -0.397  
0.682  0.682  5.296  0.003  0.003  -0.397  
0.682  0.682  5.260  0.003  0.003  -0.398  
0.682  0.682  5.224  0.003  0.003  -0.398  
0.683  0.683  5.188  0.003  0.003  -0.398  
0.683  0.683  5.152  0.003  0.003  -0.398  
0.683  0.683  5.117  0.003  0.003  -0.398  
0.684  0.684  5.081  0.003  0.003  -0.398  
0.684  0.684  5.045  0.003  0.003  -0.398  
0.684  0.684  5.009  0.003  0.003  -0.398  
0.684  0.684  4.973  0.003  0.003  -0.398  
0.685  0.685  4.938  0.002  0.002  -0.398  
0.685  0.685  4.902  0.002  0.002  -0.398  
0.685  0.685  4.866  0.002  0.002  -0.398  
0.685  0.685  4.830  0.002  0.002  -0.398  
0.685  0.685  4.794  0.002  0.002  -0.399  
0.686  0.686  4.758  0.002  0.002  -0.399  
0.686  0.686  4.722  0.002  0.002  -0.399  
0.686  0.686  4.687  0.002  0.002  -0.399  
0.686  0.686  4.651  0.002  0.002  -0.399  
0.686  0.686  4.615  0.002  0.002  -0.399  
0.687  0.687  4.579  0.002  0.002  -0.399  
0.687  0.687  4.543  0.002  0.002  -0.399  
0.687  0.687  4.507  0.002  0.002  -0.399  
0.687  0.687  4.471  0.002  0.002  -0.399  
0.687  0.687  4.435  0.002  0.002  -0.399  
0.687  0.687  4.399  0.002  0.002  -0.399  
0.687  0.687  4.363  0.002  0.002  -0.399  
0.688  0.688  4.327  0.002  0.002  -0.399  
0.688  0.688  4.292  0.001  0.001  -0.399  
0.688  0.688  4.256  0.001  0.001  -0.399  
0.688  0.688  4.220  0.001  0.001  -0.399  
0.688  0.688  4.184  0.001  0.001  -0.399  
0.688  0.688  4.148  0.001  0.001  -0.399  
0.688  0.688  4.112  0.001  0.001  -0.399  
0.688  0.688  4.076  0.001  0.001  -0.399  
0.689  0.689  4.040  0.001  0.001  -0.399  
0.689  0.689  4.004  0.001  0.001  -0.400  
0.689  0.689  3.968  0.001  0.001  -0.400  
0.689  0.689  3.932  0.001  0.001  -0.400  
0.689  0.689  3.896  0.001  0.001  -0.400  
0.689  0.689  3.860  0.001  0.001  -0.400  
0.689  0.689  3.824  0.001  0.001  -0.400  
0.689  0.689  3.788  0.001  0.001  -0.400  
0.689  0.689  3.752  0.001  0.001  -0.400  
0.689  0.689  3.716  0.001  0.001  -0.400  
0.690  0.690  3.680  0.001  0.001  -0.400  
0.690  0.690  3.644  0.001  0.001  -0.400  
0.690  0.690  3.608  0.001  0.001  -0.400  
0.690  0.690  3.572  0.001  0.001  -0.400  
0.690  0.690  3.536  0.001  0.001  -0.400  
0.690  0.690  3.500  0.001  0.001  -0.400  
0.690  0.690  3.464  0.001  0.001  -0.400  
0.690  0.690  3.428  0.001  0.001  -0.400  
0.690  0.690  3.392  0.001  0.001  -0.400  
0.690  0.690  3.356  0.001  0.001  -0.400  
0.690  0.690  3.320  0.001  0.001  -0.400  
0.690  0.690  3.284  0.001  0.001  -0.400  
0.690  0.690  3.248  0.001  0.001  -0.400  
0.690  0.690  3.212  0.001  0.001  -0.400  
0.691  0.691  3.176  0.001  0.001  -0.400  
0.691  0.691  3.140  0.001  0.001  -0.400  
0.691  0.691  3.104  0.001  0.001  -0.400  
0.691  0.691  3.068  0.001  0.001  -0.400  
0.691  0.691  3.032  0.001  0.001  -0.400  
0.691  0.691  2.996  0.001  0.001  -0.400  
0.691  0.691  2.960  0.001  0.001  -0.400  
0.691  0.691  2.924  0.001  0.001  -0.400  
0.691  0.691  2.888  0.000  0.000  -0.400  
0.691  0.691  2.852  0.000  0.000  -0.400  
0.691  0.691  2.816  0.000  0.000  -0.400  
0.691  0.691  2.780  0.000  0.000  -0.400  
0.691  0.691  2.744  0.000  0.000  -0.400  
0.691  0.691  2.708  0.000  0.000  -0.400  
0.691  0.691  2.672  0.000  0.000  -0.400  
0.691  0.691  2.636  0.000  0.000  -0.400  
0.691  0.691  2.600  0.000  0.000  -0.400  
0.691  0.691  2.564  0.000  0.000  -0.400  
0.691  0.691  2.528  0.000  0.000  -0.400  
0.691  0.691  2.492  0.000  0.000  -0.400  
0.691  0.691  2.456  0.000  0.000  -0.400  
0.691  0.691  2.420  0.000  0.000  -0.400  
0.691  0.691  2.384  0.000  0.000  -0.400  
0.691  0.691  2.348  0.000  0.000  -0.400  
0.691  0.691  2.312  0.000  0.000  -0.400  
0.692  0.692  2.276  0.000  0.000  -0.400  
0.692  0.692  2.240  0.000  0.000  -0.400  
0.692  0.692  2.204  0.000  0.000  -0.400  
0.692  0.692  2.168  0.000  0.000  -0.400  
0.692  0.692  2.132  0.000  0.000  -0.400  
0.692  0.692  2.096  0.000  0.000  -0.400  
0.692  0.692  2.060  0.000  0.000  -0.400  
0.692  0.692  2.024  0.000  0.000  -0.400  
0.692  0.692  1.988  0.000  0.000  -0.400  
0.692  0.692  1.951  0.000  0.000  -0.400  
0.692  0.692  1.915  0.000  0.000  -0.400  
0.692  0.692  1.879  0.000  0.000  -0.400  
0.692  0.692  1.843  0.000  0.000  -0.400  
0.692  0.692  1.807  0.000  0.000  -0.400  
0.692  0.692  1.771  0.000  0.000  -0.400  
0.692  0.692  1.735  0.000  0.000  -0.400  
0.692  0.692  1.699  0.000  0.000  -0.400  
0.692  0.692  1.663  0.000  0.000  -0.401  
0.692  0.692  1.627  0.000  0.000  -0.401  
0.692  0.692  1.591  0.000  0.000  -0.401  
0.692  0.692  1.555  0.000  0.000  -0.401  
0.692  0.692  1.519  0.000  0.000  -0.401  
0.692  0.692  1.483  0.000  0.000  -0.401  
0.692  0.692  1.447  0.000  0.000  -0.401  
0.692  0.692  1.411  0.000  0.000  -0.401  
0.692  0.692  1.375  0.000  0.000  -0.401  
0.692  0.692  1.339  0.000  0.000  -0.401  
0.692  0.692  1.303  0.000  0.000  -0.401  
0.692  0.692  1.267  0.000  0.000  -0.401  
0.692  0.692  1.231  0.000  0.000  -0.401  
0.692  0.692  1.195  0.000  0.000  -0.401  
0.692  0.692  1.158  0.000  0.000  -0.401  
0.692  0.692  1.122  0.000  0.000  -0.401  
0.692  0.692  1.086  0.000  0.000  -0.401  
0.692  0.692  1.050  0.000  0.000  -0.401  
0.692  0.692  1.014  0.000  0.000  -0.401  
0.692  0.692  0.978  0.000  0.000  -0.401  
0.692  0.692  0.942  0.000  0.000  -0.401  
0.692  0.692  0.906  0.000  0.000  -0.401  
0.692  0.692  0.870  0.000  0.000  -0.401  
0.692  0.692  0.834  0.000  0.000  -0.401  
0.692  0.692  0.798  0.000  0.000  -0.401  
0.692  0.692  0.762  0.000  0.000  -0.401  
0.692  0.692  0.726  0.000  0.000  -0.401  
0.692  0.692  0.690  0.000  0.000  -0.401  
0.692  0.692  0.654  0.000  0.000  -0.401  
0.692  0.692  0.618  0.000  0.000  -0.401  
0.692  0.692  0.582  0.000  0.000  -0.401  
0.692  0.692  0.546  0.000  0.000  -0.401  
0.692  0.692  0.510  0.000  0.000  -0.401  
0.692  0.692  0.473  0.000  0.000  -0.401  
0.692  0.692  0.437  0.000  0.000  -0.401  
0.692  0.692  0.401  0.000  0.000  -0.401  
0.692  0.692  0.365  0.000  0.000  -0.401  
0.692  0.692  0.329  0.000  0.000  -0.401  
0.692  0.692  0.293  0.000  0.000  -0.401  
0.692  0.692  0.257  0.000  0.000  -0.401  
0.692  0.692  0.221  0.000  0.000  -0.401  
0.692  0.692  0.185  0.000  0.000  -0.401  
0.692  0.692  0.149  0.000  0.000  -0.401  
0.692  0.692  0.113  0.000  0.000  -0.401  
0.692  0.692  0.077  0.000  0.000  -0.401  
0.692  0.692  0.041  0.000  0.000  -0.401  
0.692  0.692  0.005  0.000  0.000  -0.401  
0.692  0.692  -0.031  0.000  0.000  -0.401  
0.692  0.692  -0.067  0.000  0.000  -0.401  
0.692  0.692  -0.103  0.000  0.000  -0.401  
0.692  0.692  -0.140  0.000  0.000  -0.401  
0.692  0.692  -0.176  0.000  0.000  -0.401  
0.692  0.692  -0.212  0.000  0.000  -0.401  
0.692  0.692  -0.248  0.000  0.000  -0.401  
0.692  0.692  -0.284  0.000  0.000  -0.401  
0.692  0.692  -0.320  0.000  0.000  -0.401  
0.692  0.692  -0.356  0.000  0.000  -0.401  
0.692  0.692  -0.392  0.000  0.000  -0.401  
0.692  0.692  -0.428  0.000  0.000  -0.401  
0.692  0.692  -0.464  0.000  0.000  -0.401  
0.692  0.692  -0.500  0.000  0.000  -0.401  
0.692  0.692  -0.536  0.000  0.000  -0.401  
0.692  0.692  -0.572  0.000  0.000  -0.401  
0.692  0.692  -0.608  0.000  0.000  -0.401  
0.692  0.692  -0.644  0.000  0.000  -0.401  
0.692  0.692  -0.680  0.000  0.000  -0.401  
0.692  0.692  -0.716  0.000  0.000  -0.401  
0.692  0.692  -0.753  0.000  0.000  -0.401  
0.692  0.692  -0.789  0.000  0.000  -0.401  
0.692  0.692  -0.825  0.000  0.000  -0.401  
0.692  0.692  -0.861  0.000  0.000  -0.401  
0.692  0.692  -0.897  0.000  0.000  -0.401  
0.692  0.692  -0.933  0.000  0.000  -0.401  
0.692  0.692  -0.969  0.000  0.000  -0.401  
0.692  0.692  -1.005  0.000  0.000  -0.401  
0.692  0.692  -1.041  0.000  0.000  -0.401  
0.692  0.692  -1.077  0.000  0.000  -0.401  
0.692  0.692  -1.113  0.000  0.000  -0.401  
0.692  0.692  -1.149  0.000  0.000  -0.401  
0.692  0.692  -1.185  0.000  0.000  -0.401  
0.692  0.692  -1.221  0.000  0.000  -0.401  
0.692  0.692  -1.257  0.000  0.000  -0.401  
0.692  0.692  -1.293  0.000  0.000  -0.401  
0.692  0.692  -1.329  0.000  0.000  -0.401  
0.692  0.692  -1.366  0.000  0.000  -0.401  
0.692  0.692  -1.402  0.000  0.000  -0.401  
0.692  0.692  -1.438  0.000  0.000  -0.401  
0.692  0.692  -1.474  0.000  0.000  -0.401  
0.692  0.692  -1.510  0.000  0.000  -0.401  
0.692  0.692  -1.546  0.000  0.000  -0.401  
0.692  0.692  -1.582  0.000  0.000  -0.401  
0.692  0.692  -1.618  0.000  0.000  -0.401  
0.692  0.692  -1.654  0.000  0.000  -0.401  
0.692  0.692  -1.690  0.000  0.000  -0.401  
0.692  0.692  -1.726  0.000  0.000  -0.401  
0.692  0.692  -1.762  0.000  0.000  -0.401  
0.692  0.692  -1.798  0.000  0.000  -0.401  
0.692  0.692  -1.834  0.000  0.000  -0.401  
0.692  0.692  -1.870  0.000  0.000  -0.401  
0.692  0.692  -1.906  0.000  0.000  -0.401  
0.692  0.692  -1.942  0.000  0.000  -0.401  
0.692  0.692  -1.979  0.000  0.000  -0.401  
0.692  0.692  -2.015  0.000  0.000  -0.401  
0.692  0.692  -2.051  0.000  0.000  -0.401  
0.692  0.692  -2.087  0.000  0.000  -0.401  
0.692  0.692  -2.123  0.000  0.000  -0.401  
0.692  0.692  -2.159  0.000  0.000  -0.401  
0.692  0.692  -2.195  0.000  0.000  -0.401  
0.692  0.692  -2.231  0.000  0.000  -0.401  
0.692  0.692  -2.267  0.000  0.000  -0.401  
0.692  0.692  -2.303  0.000  0.000  -0.401  
0.692  0.692  -2.339  0.000  0.000  -0.401  
0.692  0.692  -2.375  0.000  0.000  -0.401  
0.692  0.692  -2.411  0.000  0.000  -0.401  
0.692  0.692  -2.447  0.000  0.000  -0.401  
0.692  0.692  -2.483  0.000  0.000  -0.401  
0.692  0.692  -2.519  0.000  0.000  -0.401  
0.692  0.692  -2.556  0.000  0.000  -0.401  
0.692  0.692  -2.592  0.000  0.000  -0.401  
0.692  0.692  -2.628  0.000  0.000  -0.401  
0.692  0.692  -2.664  0.000  0.000  -0.401  
0.692  0.692  -2.700  0.000  0.000  -0.401  
0.692  0.692  -2.736  0.000  0.000  -0.401  
0.692  0.692  -2.772  0.000  0.000  -0.401  
0.692  0.692  -2.808  0.000  0.000  -0.401  
0.692  0.692  -2.844  0.000  0.000  -0.401  
0.692  0.692  -2.880  0.000  0.000  -0.401  
0.692  0.692  -2.916  0.000  0.000  -0.401  
0.692  0.692  -2.952  0.000  0.000  -0.401  
0.692  0.692  -2.988  0.000  0.000  -0.401  
0.692  0.692  -3.024  0.000  0.000  -0.401  
0.692  0.692  -3.060  0.000  0.000  -0.401  
0.692  0.692  -3.096  0.000  0.000  -0.401  
0.692  0.692  -3.132  0.000  0.000  -0.401  
0.692  0.692  -3.169  0.000  0.000  -0.401  
0.692  0.692  -3.205  0.000  0.000  -0.401  
0.692  0.692  -3.241  0.000  0.000  -0.401  
0.692  0.692  -3.277  0.000  0.000  -0.401  
0.692  0.692  -3.313  0.000  0.000  -0.401  
0.692  0.692  -3.349  0.000  0.000  -0.401  
0.692  0.692  -3.385  0.000  0.000  -0.401  
0.692  0.692  -3.421  0.000  0.000  -0.401  
0.692  0.692  -3.457  0.000  0.000  -0.401  
0.692  0.692  -3.493  0.000  0.000  -0.401  
0.692  0.692  -3.529  0.000  0.000  -0.401  
0.692  0.692  -3.565  0.000  0.000  -0.401  
0.692  0.692  -3.601  0.000  0.000  -0.401  
0.692  0.692  -3.637  0.000  0.000  -0.401  
0.692  0.692  -3.673  0.000  0.000  -0.401  
0.692  0.692  -3.709  0.000  0.000  -0.401  
0.692  0.692  -3.746  0.000  0.000  -0.401  
0.692  0.692  -3.782  0.000  0.000  -0.401  
0.692  0.692  -3.818  0.000  0.000  -0.401  
0.692  0.692  -3.854  0.000  0.000  -0.401  
0.692  0.692  -3.890  0.000  0.000  -0.401  
0.692  0.692  -3.926  0.000  0.000  -0.401  
0.692  0.692  -3.962  0.000  0.000  -0.401  
0.692  0.692  -3.998  0.000  0.000  -0.401  
0.692  0.692  -4.034  0.000  0.000  -0.401  
0.692  0.692  -4.070  0.000  0.000  -0.401  
0.692  0.692  -4.106  0.000  0.000  -0.401  
0.692  0.692  -4.142  0.000  0.000  -0.401  
0.692  0.692  -4.178  0.000  0.000  -0.401  
0.692  0.692  -4.214  0.000  0.000  -0.401  
0.692  0.692  -4.250  0.000  0.000  -0.401  
0.692  0.692  -4.286  0.000  0.000  -0.401  
0.692  0.692  -4.323  0.000  0.000  -0.401  
0.692  0.692  -4.359  0.000  0.000  -0.401  
0.692  0.692  -4.395  0.000  0.000  -0.401  
0.692  0.692  -4.431  0.000  0.000  -0.401  
0.692  0.692  -4.467  0.000  0.000  -0.401  
0.692  0.692  -4.503  0.000  0.000  -0.401  
0.692  0.692  -4.539  0.000  0.000  -0.401  
0.692  0.692  -4.575  0.000  0.000  -0.401  
0.692  0.692  -4.611  0.000  0.000  -0.401  
0.692  0.692  -4.647  0.000  0.000  -0.401  
0.692  0.692  -4.683  0.000  0.000  -0.401  
0.692  0.692  -4.719  0.000  0.000  -0.401  
0.692  0.692  -4.755  0.000  0.000  -0.401  
0.692  0.692  -4.791  0.000  0.000  -0.401  
0.692  0.692  -4.827  0.000  0.000  -0.401  
0.692  0.692  -4.863  0.000  0.000  -0.401  
0.692  0.692  -4.899  0.000  0.000  -0.401  
0.692  0.692  -4.936  0.000  0.000  -0.401  
0.692  0.692  -4.972  0.000  0.000  -0.401  
0.692  0.692  -5.008  0.000  0.000  -0.401  
0.692  0.692  -5.044  0.000  0.000  -0.401  
0.692  0.692  -5.080  0.000  0.000  -0.401  
0.692  0.692  -5.116  0.000  0.000  -0.401  
0.692  0.692  -5.152  0.000  0.000  -0.401  
0.692  0.692  -5.188  0.000  0.000  -0.401  
0.692  0.692  -5.224  0.000  0.000  -0.401  
0.692  0.692  -5.260  0.000  0.000  -0.401  
0.692  0.692  -5.296  0.000  0.000  -0.401  
0.692  0.692  -5.332  0.000  0.000  -0.401  
0.692  0.692  -5.368  0.000  0.000  -0.401  
0.692  0.692  -5.404  0.000  0.000  -0.401  
0.692  0.692  -5.440  0.000  0.000  -0.401  
0.692  0.692  -5.476  0.000  0.000  -0.401  
0.692  0.692  -5.513  0.000  0.000  -0.401  
0.692  0.692  -5.549  0.000  0.000  -0.401  
0.692  0.692  -5.585  0.000  0.000  -0.401  
0.692  0.692  -5.621  0.000  0.000  -0.401  
0.692  0.692  -5.657  0.000  0.000  -0.401  
0.692  0.692  -5.693  0.000  0.000  -0.401  
0.692  0.692  -5.729  0.000  0.000  -0.401  
0.692  0.692  -5.765  0.000  0.000  -0.401  
0.692  0.692  -5.801  0.000  0.000  -0.401  
0.692  0.692  -5.837  0.000  0.000  -0.401  
0.692  0.692  -5.873  0.000  0.000  -0.401  
0.692  0.692  -5.909  0.000  0.000  -0.401  
0.692  0.692  -5.945  0.000  0.000  -0.401  
0.692  0.692  -5.981  0.000  0.000  -0.401  
0.692  0.692  -6.017  0.000  0.000  -0.401  
0.692  0.692  -6.053  0.000  0.000  -0.401  
0.692  0.692  -6.090  0.000  0.000  -0.401  
0.692  0.692  -6.126  0.000  0.000  -0.401  
0.692  0.692  -6.162  0.000  0.000  -0.401  
0.692  0.692  -6.198  0.000  0.000  -0.401  
0.692  0.692  -6.234  0.000  0.000  -0.401  
0.692  0.692  -6.270  0.000  0.000  -0.401  
0.692  0.692  -6.306  0.000  0.000  -0.401  
0.692  0.692  -6.342  0.000  0.000  -0.401  
0.692  0.692  -6.378  0.000  0.000  -0.401  
0.692  0.692  -6.414  0.000  0.000  -0.401  
0.692  0.692  -6.450  0.000  0.000  -0.401  
0.692  0.692  -6.486  0.000  0.000  -0.401  
0.692  0.692  -6.522  0.000  0.000  -0.401  
0.692  0.692  -6.558  0.000  0.000  -0.401  
0.692  0.692  -6.594  0.000  0.000  -0.401  
0.692  0.692  -6.630  0.000  0.000  -0.401  
0.692  0.692  -6.667  0.000  0.000  -0.401  
0.692  0.692  -6.703  0.000  0.000  -0.401  
0.692  0.692  -6.739  0.000  0.000  -0.401  
0.692  0.692  -6.775  0.000  0.000  -0.401  
0.692  0.692  -6.811  0.000  0.000  -0.401  
0.692  0.692  -6.847  0.000  0.000  -0.401  
0.692  0.692  -6.883  0.000  0.000  -0.401  
0.692  0.692  -6.919  0.000  0.000  -0.401  
0.692  0.692  -6.955  0.000  0.000  -0.401  
0.692  0.692  -6.991  0.000  0.000  -0.401  
0.692  0.692  -7.027  0.000  0.000  -0.401  
0.692  0.692  -7.063  0.000  0.000  -0.401  
0.692  0.692  -7.099  0.000  0.000  -0.401  
0.692  0.692  -7.135  0.000  0.000  -0.401  
0.692  0.692  -7.171  0.000  0.000  -0.401  
0.692  0.692  -7.207  0.000  0.000  -0.401  
0.692  0.692  -7.243  0.000  0.000  -0.401  
0.692  0.692  -7.280  0.000  0.000  -0.401  
0.692  0.692  -7.316  0.000  0.000  -0.401  
0.692  0.692  -7.352  0.000  0.000  -0.401  
0.692  0.692  -7.388  0.000  0.000  -0.401  
0.692  0.692  -7.424  0.000  0.000  -0.401  
0.692  0.692  -7.460  0.000  0.000  -0.401  
0.692  0.692  -7.496  0.000  0.000  -0.401  
0.692  0.692  -7.532  0.000  0.000  -0.401  
0.692  0.692  -7.568  0.000  0.000  -0.401  
0.692  0.692  -7.604  0.000  0.000  -0.401  
0.692  0.692  -7.640  0.000  0.000  -0.401  
0.692  0.692  -7.676  0.000  0.000  -0.401  
0.692  0.692  -7.712  0.000  0.000  -0.401  
0.692  0.692  -7.748  0.000  0.000  -0.401  
0.692  0.692  -7.784  0.000  0.000  -0.401  
0.692  0.692  -7.820  0.000  0.000  -0.401  
0.692  0.692  -7.857  0.000  0.000  -0.401  
0.692  0.692  -7.893  0.000  0.000  -0.401  
0.692  0.692  -7.929  0.000  0.000  -0.401  
0.692  0.692  -7.965  0.000  0.000  -0.401  
0.692  0.692  -8.001  0.000  0.000  -0.401  
0.692  0.692  -8.037  0.000  0.000  -0.401  
0.692  0.692  -8.073  0.000  0.000  -0.401  
0.692  0.692  -8.109  0.000  0.000  -0.401  
0.692  0.692  -8.145  0.000  0.000  -0.401  
0.692  0.692  -8.181  0.000  0.000  -0.401  
0.692  0.692  -8.217  0.000  0.000  -0.401  
0.692  0.692  -8.253  0.000  0.000  -0.401  
0.692  0.692  -8.289  0.000  0.000  -0.401  
0.692  0.692  -8.325  0.000  0.000  -0.401  
0.692  0.692  -8.361  0.000  0.000  -0.401  
0.692  0.692  -8.397  0.000  0.000  -0.401  
0.692  0.692  -8.434  0.000  0.000  -0.401  
0.692  0.692  -8.470  0.000  0.000  -0.401  
0.692  0.692  -8.506  0.000  0.000  -0.401  
0.692  0.692  -8.542  0.000  0.000  -0.401  
0.692  0.692  -8.578  0.000  0.000  -0.401  
0.692  0.692  -8.614  0.000  0.000  -0.401  
0.692  0.692  -8.650  0.000  0.000  -0.401  
0.692  0.692  -8.686  0.000  0.000  -0.401  
0.692  0.692  -8.722  0.000  0.000  -0.401  
0.692  0.692  -8.758  0.000  0.000  -0.401  
0.692  0.692  -8.794  0.000  0.000  -0.401  
0.692  0.692  -8.830  0.000  0.000  -0.401  
0.692  0.692  -8.866  0.000  0.000  -0.401  
0.692  0.692  -8.902  0.000  0.000  -0.401  
0.692  0.692  -8.938  0.000  0.000  -0.401  
0.692  0.692  -8.974  0.000  0.000  -0.401  
0.692  0.692  -9.011  0.000  0.000  -0.401  
0.692  0.692  -9.047  0.000  0.000  -0.401  
0.692  0.692  -9.083  0.000  0.000  -0.401  
0.692  0.692  -9.119  0.000  0.000  -0.401  
0.692  0.692  -9.155  0.000  0.000  -0.401  
0.692  0.692  -9.191  0.000  0.000  -0.401  
0.692  0.692  -9.227  0.000  0.000  -0.401  
0.692  0.692  -9.263  0.000  0.000  -0.401  
0.692  0.692  -9.299  0.000  0.000  -0.401  
0.692  0.692  -9.335  0.000  0.000  -0.401  
0.692  0.692  -9.371  0.000  0.000  -0.401  
0.692  0.692  -9.407  0.000  0.000  -0.401  
0.692  0.692  -9.443  0.000  0.000  -0.401  
0.692  0.692  -9.479  0.000  0.000  -0.401  
0.692  0.692  -9.515  0.000  0.000  -0.401  
0.692  0.692  -9.551  0.000  0.000  -0.401  
0.692  0.692  -9.587  0.000  0.000  -0.401  
0.692  0.692  -9.624  0.000  0.000  -0.401  
0.692  0.692  -9.660  0.000  0.000  -0.401  
0.692  0.692  -9.696  0.000  0.000  -0.401  
0.692  0.692  -9.732  0.000  0.000  -0.401  
0.692  0.692  -9.768  0.000  0.000  -0.401  
0.692  0.692  -9.804  0.000  0.000  -0.401  
0.692  0.692  -9.840  0.000  0.000  -0.401  
0.692  0.692  -9.876  0.000  0.000  -0.401  
0.692  0.692  -9.912  0.000  0.000  -0.401  
0.692  0.692  -9.948  0.000  0.000  -0.401  
0.692  0.692  -9.984  0.000  0.000  -0.401  
0.692  0.692  -10.020  0.000  0.000  -0.401  
0.692  0.692  -10.056  0.000  0.000  -0.401  
0.692  0.692  -10.092  0.000  0.000  -0.401  
0.692  0.692  -10.128  0.000  0.000  -0.401  
0.692  0.692  -10.164  0.000  0.000  -0.401  
0.692  0.692  -10.201  0.000  0.000  -0.401  
0.692  0.692  -10.237  0.000  0.000  -0.401  
0.692  0.692  -10.273  0.000  0.000  -0.401  
0.692  0.692  -10.309  0.000  0.000  -0.401  
0.692  0.692  -10.345  0.000  0.000  -0.401  
0.692  0.692  -10.381  0.000  0.000  -0.401  
0.692  0.692  -10.417  0.000  0.000  -0.401  
0.692  0.692  -10.453  0.000  0.000  -0.401  
0.692  0.692  -10.489  0.000  0.000  -0.401  
0.692  0.692  -10.525  0.000  0.000  -0.401  
0.692  0.692  -10.561  0.000  0.000  -0.401  
0.692  0.692  -10.597  0.000  0.000  -0.401  
0.692  0.692  -10.633  0.000  0.000  -0.401  
0.692  0.692  -10.669  0.000  0.000  -0.401  
0.692  0.692  -10.705  0.000  0.000  -0.401  
0.692  0.692  -10.741  0.000  0.000  -0.401  
0.692  0.692  -10.778  0.000  0.000  -0.401  
0.692  0.692  -10.814  0.000  0.000  -0.401  
0.692  0.692  -10.850  0.000  0.000  -0.401  
0.692  0.692  -10.886  0.000  0.000  -0.401  
0.692  0.692  -10.922  0.000  0.000  -0.401  
0.692  0.692  -10.958  0.000  0.000  -0.401  
0.692  0.692  -10.994  0.000  0.000  -0.401  
0.692  0.692  -11.030  0.000  0.000  -0.401  
0.692  0.692  -11.066  0.000  0.000  -0.401  
0.692  0.692  -11.102  0.000  0.000  -0.401  
0.692  0.692  -11.138  0.000  0.000  -0.401  
0.692  0.692  -11.174  0.000  0.000  -0.401  
0.692  0.692  -11.210  0.000  0.000  -0.401  
0.692  0.692  -11.246  0.000  0.000  -0.401  
0.692  0.692  -11.282  0.000  0.000  -0.401  
0.692  0.692  -11.318  0.000  0.000  -0.401  
0.692  0.692  -11.355  0.000  0.000  -0.401  
0.692  0.692  -11.391  0.000  0.000  -0.401  
0.692  0.692  -11.427  0.000  0.000  -0.401  
0.692  0.692  -11.463  0.000  0.000  -0.401  
0.692  0.692  -11.499  0.000  0.000  -0.401  
0.692  0.692  -11.535  0.000  0.000  -0.401  
0.692  0.692  -11.571  0.000  0.000  -0.401  
0.692  0.692  -11.607  0.000  0.000  -0.401  
0.692  0.692  -11.643  0.000  0.000  -0.401  
0.692  0.692  -11.679  0.000  0.000  -0.401  
0.692  0.692  -11.715  0.000  0.000  -0.401  
0.692  0.692  -11.751  0.000  0.000  -0.401  
0.692  0.692  -11.787  0.000  0.000  -0.401  
0.692  0.692  -11.823  0.000  0.000  -0.401  
0.692  0.692  -11.859  0.000  0.000  -0.401  
