0.000  0.000  10.000  0.200  0.200  0.200
0.004  0.004  10.004  0.199  0.199  0.127
0.008  0.008  10.007  0.199  0.199  0.127
0.012  0.012  10.009  0.198  0.198  0.126
0.016  0.016  10.012  0.198  0.198  0.126
0.020  0.020  10.014  0.197  0.197  0.125
0.024  0.024  10.017  0.197  0.197  0.125
0.028  0.028  10.019  0.197  0.197  0.124
0.032  0.032  10.022  0.196  0.196  0.124
0.036  0.036  10.024  0.196  0.196  0.123
0.040  0.040  10.027  0.195  0.195  0.123
0.043  0.043  10.029  0.195  0.195  0.122
0.047  0.047  10.031  0.194  0.194  0.122
0.051  0.051  10.034  0.194  0.194  0.121
0.055  0.055  10.036  0.193  0.193  0.121
0.059  0.059  10.039  0.193  0.193  0.120
0.063  0.063  10.041  0.192  0.192  0.120
0.067  0.067  10.043  0.192  0.192  0.119
0.070  0.070  10.046  0.191  0.191  0.119
0.074  0.074  10.048  0.191  0.191  0.118
0.078  0.078  10.051  0.190  0.190  0.118
0.082  0.082  10.053  0.190  0.190  0.118
0.086  0.086  10.055  0.189  0.189  0.117
0.090  0.090  10.058  0.189  0.189  0.117
0.093  0.093  10.060  0.189  0.189  0.116
0.097  0.097  10.062  0.188  0.188  0.116
0.101  0.101  10.065  0.188  0.188  0.115
0.105  0.105  10.067  0.187  0.187  0.115
0.108  0.108  10.069  0.187  0.187  0.114
0.112  0.112  10.072  0.186  0.186  0.114
0.116  0.116  10.074  0.186  0.186  0.114
0.120  0.120  10.076  0.185  0.185  0.113
0.123  0.123  10.078  0.185  0.185  0.113
0.127  0.127  10.081  0.185  0.185  0.112
0.131  0.131  10.083  0.184  0.184  0.112
0.134  0.134  10.085  0.184  0.184  0.111
0.138  0.138  10.087  0.183  0.183  0.111
0.142  0.142  10.090  0.183  0.183  0.110
0.145  0.145  10.092  0.182  0.182  0.110
0.149  0.149  10.094  0.182  0.182  0.110
0.153  0.153  10.096  0.182  0.182  0.109
0.156  0.156  10.098  0.181  0.181  0.109
0.160  0.160  10.100  0.181  0.181  0.108
0.163  0.163  10.103  0.180  0.180  0.108
0.167  0.167  10.105  0.180  0.180  0.108
0.171  0.171  10.107  0.179  0.179  0.107
0.174  0.174  10.109  0.179  0.179  0.107
0.178  0.178  10.111  0.179  0.179  0.106
0.181  0.181  10.113  0.178  0.178  0.106
0.185  0.185  10.115  0.178  0.178  0.105
0.189  0.189  10.118  0.177  0.177  0.105
0.192  0.192  10.120  0.177  0.177  0.105
0.196  0.196  10.122  0.177  0.177  0.104
0.199  0.199  10.124  0.176  0.176  0.104
0.203  0.203  10.126  0.176  0.176  0.103
0.206  0.206  10.128  0.175  0.175  0.103
0.210  0.210  10.130  0.175  0.175  0.103
0.213  0.213  10.132  0.175  0.175  0.102
0.217  0.217  10.134  0.174  0.174  0.102
0.220  0.220  10.136  0.174  0.174  0.101
0.224  0.224  10.138  0.173  0.173  0.101
0.227  0.227  10.140  0.173  0.173  0.101
0.231  0.231  10.142  0.173  0.173  0.100
0.234  0.234  10.144  0.172  0.172  0.100
0.237  0.237  10.146  0.172  0.172  0.099
0.241  0.241  10.148  0.171  0.171  0.099
0.244  0.244  10.150  0.171  0.171  0.099
0.248  0.248  10.152  0.171  0.171  0.098
0.251  0.251  10.154  0.170  0.170  0.098
0.255  0.255  10.156  0.170  0.170  0.098
0.258  0.258  10.158  0.170  0.170  0.097
0.261  0.261  10.160  0.169  0.169  0.097
0.265  0.265  10.162  0.169  0.169  0.096
0.268  0.268  10.164  0.168  0.168  0.096
0.271  0.271  10.166  0.168  0.168  0.096
0.275  0.275  10.168  0.168  0.168  0.095
0.278  0.278  10.170  0.167  0.167  0.095
0.282  0.282  10.172  0.167  0.167  0.095
0.285  0.285  10.173  0.167  0.167  0.094
0.288  0.288  10.175  0.166  0.166  0.094
0.292  0.292  10.177  0.166  0.166  0.093
0.295  0.295  10.179  0.165  0.165  0.093
0.298  0.298  10.181  0.165  0.165  0.093
0.301  0.301  10.183  0.165  0.165  0.092
0.305  0.305  10.185  0.164  0.164  0.092
0.308  0.308  10.186  0.164  0.164  0.092
0.311  0.311  10.188  0.164  0.164  0.091
0.315  0.315  10.190  0.163  0.163  0.091
0.318  0.318  10.192  0.163  0.163  0.091
0.321  0.321  10.194  0.163  0.163  0.090
0.324  0.324  10.196  0.162  0.162  0.090
0.328  0.328  10.197  0.162  0.162  0.090
0.331  0.331  10.199  0.162  0.162  0.089
0.334  0.334  10.201  0.161  0.161  0.089
0.337  0.337  10.203  0.161  0.161  0.088
0.341  0.341  10.204  0.161  0.161  0.088
0.344  0.344  10.206  0.160  0.160  0.088
0.347  0.347  10.208  0.160  0.160  0.087
0.350  0.350  10.210  0.160  0.160  0.087
0.353  0.353  10.211  0.159  0.159  0.087
0.357  0.357  10.213  0.159  0.159  0.086
0.360  0.360  10.215  0.158  0.158  0.086
0.363  0.363  10.217  0.158  0.158  0.086
0.366  0.366  10.218  0.158  0.158  0.085
0.369  0.369  10.220  0.157  0.157  0.085
0.372  0.372  10.222  0.157  0.157  0.085
0.376  0.376  10.223  0.157  0.157  0.084
0.379  0.379  10.225  0.156  0.156  0.084
0.382  0.382  10.227  0.156  0.156  0.084
0.385  0.385  10.229  0.156  0.156  0.083
0.388  0.388  10.230  0.155  0.155  0.083
0.391  0.391  10.232  0.155  0.155  0.083
0.394  0.394  10.234  0.155  0.155  0.082
0.397  0.397  10.235  0.154  0.154  0.082
0.400  0.400  10.237  0.154  0.154  0.082
0.403  0.403  10.238  0.154  0.154  0.081
0.407  0.407  10.240  0.154  0.154  0.081
0.410  0.410  10.242  0.153  0.153  0.081
0.413  0.413  10.243  0.153  0.153  0.080
0.416  0.416  10.245  0.153  0.153  0.080
0.419  0.419  10.247  0.152  0.152  0.080
0.422  0.422  10.248  0.152  0.152  0.080
0.425  0.425  10.250  0.152  0.152  0.079
0.428  0.428  10.251  0.151  0.151  0.079
0.431  0.431  10.253  0.151  0.151  0.079
0.434  0.434  10.254  0.151  0.151  0.078
0.437  0.437  10.256  0.150  0.150  0.078
0.440  0.440  10.258  0.150  0.150  0.078
0.443  0.443  10.259  0.150  0.150  0.077
0.446  0.446  10.261  0.149  0.149  0.077
0.449  0.449  10.262  0.149  0.149  0.077
0.452  0.452  10.264  0.149  0.149  0.076
0.455  0.455  10.265  0.149  0.149  0.076
0.458  0.458  10.267  0.148  0.148  0.076
0.461  0.461  10.268  0.148  0.148  0.075
0.464  0.464  10.270  0.148  0.148  0.075
0.467  0.467  10.271  0.147  0.147  0.075
0.470  0.470  10.273  0.147  0.147  0.075
0.473  0.473  10.274  0.147  0.147  0.074
0.476  0.476  10.276  0.146  0.146  0.074
0.479  0.479  10.277  0.146  0.146  0.074
0.481  0.481  10.279  0.146  0.146  0.073
0.484  0.484  10.280  0.145  0.145  0.073
0.487  0.487  10.282  0.145  0.145  0.073
0.490  0.490  10.283  0.145  0.145  0.073
0.493  0.493  10.285  0.145  0.145  0.072
0.496  0.496  10.286  0.144  0.144  0.072
0.499  0.499  10.287  0.144  0.144  0.072
0.502  0.502  10.289  0.144  0.144  0.071
0.505  0.505  10.290  0.143  0.143  0.071
0.507  0.507  10.292  0.143  0.143  0.071
0.510  0.510  10.293  0.143  0.143  0.070
0.513  0.513  10.295  0.143  0.143  0.070
0.516  0.516  10.296  0.142  0.142  0.070
0.519  0.519  10.297  0.142  0.142  0.070
0.522  0.522  10.299  0.142  0.142  0.069
0.525  0.525  10.300  0.141  0.141  0.069
0.527  0.527  10.302  0.141  0.141  0.069
0.530  0.530  10.303  0.141  0.141  0.068
0.533  0.533  10.304  0.141  0.141  0.068
0.536  0.536  10.306  0.140  0.140  0.068
0.539  0.539  10.307  0.140  0.140  0.068
0.541  0.541  10.308  0.140  0.140  0.067
0.544  0.544  10.310  0.139  0.139  0.067
0.547  0.547  10.311  0.139  0.139  0.067
0.550  0.550  10.312  0.139  0.139  0.067
0.553  0.553  10.314  0.139  0.139  0.066
0.555  0.555  10.315  0.138  0.138  0.066
0.558  0.558  10.316  0.138  0.138  0.066
0.561  0.561  10.318  0.138  0.138  0.065
0.564  0.564  10.319  0.138  0.138  0.065
0.566  0.566  10.320  0.137  0.137  0.065
0.569  0.569  10.322  0.137  0.137  0.065
0.572  0.572  10.323  0.137  0.137  0.064
0.575  0.575  10.324  0.136  0.136  0.064
0.577  0.577  10.325  0.136  0.136  0.064
0.580  0.580  10.327  0.136  0.136  0.064
0.583  0.583  10.328  0.136  0.136  0.063
0.586  0.586  10.329  0.135  0.135  0.063
0.588  0.588  10.331  0.135  0.135  0.063
0.591  0.591  10.332  0.135  0.135  0.062
0.594  0.594  10.333  0.135  0.135  0.062
0.596  0.596  10.334  0.134  0.134  0.062
0.599  0.599  10.335  0.134  0.134  0.062
0.602  0.602  10.337  0.134  0.134  0.061
0.604  0.604  10.338  0.134  0.134  0.061
0.607  0.607  10.339  0.133  0.133  0.061
0.610  0.610  10.340  0.133  0.133  0.061
0.612  0.612  10.342  0.133  0.133  0.060
0.615  0.615  10.343  0.132  0.132  0.060
0.618  0.618  10.344  0.132  0.132  0.060
0.620  0.620  10.345  0.132  0.132  0.060
0.623  0.623  10.346  0.132  0.132  0.059
0.626  0.626  10.348  0.131  0.131  0.059
0.628  0.628  10.349  0.131  0.131  0.059
0.631  0.631  10.350  0.131  0.131  0.059
0.633  0.633  10.351  0.131  0.131  0.058
0.636  0.636  10.352  0.130  0.130  0.058
0.639  0.639  10.353  0.130  0.130  0.058
0.641  0.641  10.355  0.130  0.130  0.058
0.644  0.644  10.356  0.130  0.130  0.057
0.646  0.646  10.357  0.129  0.129  0.057
0.649  0.649  10.358  0.129  0.129  0.057
0.652  0.652  10.359  0.129  0.129  0.057
0.654  0.654  10.360  0.129  0.129  0.056
0.657  0.657  10.361  0.128  0.128  0.056
0.659  0.659  10.363  0.128  0.128  0.056
0.662  0.662  10.364  0.128  0.128  0.056
0.664  0.664  10.365  0.128  0.128  0.055
0.667  0.667  10.366  0.127  0.127  0.055
0.670  0.670  10.367  0.127  0.127  0.055
0.672  0.672  10.368  0.127  0.127  0.055
0.675  0.675  10.369  0.127  0.127  0.054
0.677  0.677  10.370  0.126  0.126  0.054
0.680  0.680  10.371  0.126  0.126  0.054
0.682  0.682  10.372  0.126  0.126  0.054
0.685  0.685  10.373  0.126  0.126  0.053
0.687  0.687  10.375  0.126  0.126  0.053
0.690  0.690  10.376  0.125  0.125  0.053
0.692  0.692  10.377  0.125  0.125  0.053
0.695  0.695  10.378  0.125  0.125  0.052
0.697  0.697  10.379  0.125  0.125  0.052
0.700  0.700  10.380  0.124  0.124  0.052
0.702  0.702  10.381  0.124  0.124  0.052
0.705  0.705  10.382  0.124  0.124  0.051
0.707  0.707  10.383  0.124  0.124  0.051
0.710  0.710  10.384  0.123  0.123  0.051
0.712  0.712  10.385  0.123  0.123  0.051
0.715  0.715  10.386  0.123  0.123  0.051
0.717  0.717  10.387  0.123  0.123  0.050
0.720  0.720  10.388  0.122  0.122  0.050
0.722  0.722  10.389  0.122  0.122  0.050
0.724  0.724  10.390  0.122  0.122  0.050
0.727  0.727  10.391  0.122  0.122  0.049
0.729  0.729  10.392  0.122  0.122  0.049
0.732  0.732  10.393  0.121  0.121  0.049
0.734  0.734  10.394  0.121  0.121  0.049
0.737  0.737  10.395  0.121  0.121  0.048
0.739  0.739  10.396  0.121  0.121  0.048
0.741  0.741  10.397  0.120  0.120  0.048
0.744  0.744  10.398  0.120  0.120  0.048
0.746  0.746  10.399  0.120  0.120  0.048
0.749  0.749  10.400  0.120  0.120  0.047
0.751  0.751  10.401  0.120  0.120  0.047
0.753  0.753  10.402  0.119  0.119  0.047
0.756  0.756  10.403  0.119  0.119  0.047
0.758  0.758  10.403  0.119  0.119  0.046
0.761  0.761  10.404  0.119  0.119  0.046
0.763  0.763  10.405  0.118  0.118  0.046
0.765  0.765  10.406  0.118  0.118  0.046
0.768  0.768  10.407  0.118  0.118  0.046
0.770  0.770  10.408  0.118  0.118  0.045
0.772  0.772  10.409  0.118  0.118  0.045
0.775  0.775  10.410  0.117  0.117  0.045
0.777  0.777  10.411  0.117  0.117  0.045
0.779  0.779  10.412  0.117  0.117  0.044
0.782  0.782  10.413  0.117  0.117  0.044
0.784  0.784  10.413  0.116  0.116  0.044
0.786  0.786  10.414  0.116  0.116  0.044
0.789  0.789  10.415  0.116  0.116  0.044
0.791  0.791  10.416  0.116  0.116  0.043
0.793  0.793  10.417  0.116  0.116  0.043
0.796  0.796  10.418  0.115  0.115  0.043
0.798  0.798  10.419  0.115  0.115  0.043
0.800  0.800  10.420  0.115  0.115  0.043
0.803  0.803  10.420  0.115  0.115  0.042
0.805  0.805  10.421  0.114  0.114  0.042
0.807  0.807  10.422  0.114  0.114  0.042
0.809  0.809  10.423  0.114  0.114  0.042
0.812  0.812  10.424  0.114  0.114  0.041
0.814  0.814  10.425  0.114  0.114  0.041
0.816  0.816  10.425  0.113  0.113  0.041
0.819  0.819  10.426  0.113  0.113  0.041
0.821  0.821  10.427  0.113  0.113  0.041
0.823  0.823  10.428  0.113  0.113  0.040
0.825  0.825  10.429  0.113  0.113  0.040
0.828  0.828  10.429  0.112  0.112  0.040
0.830  0.830  10.430  0.112  0.112  0.040
0.832  0.832  10.431  0.112  0.112  0.040
0.834  0.834  10.432  0.112  0.112  0.039
0.837  0.837  10.433  0.112  0.112  0.039
0.839  0.839  10.433  0.111  0.111  0.039
0.841  0.841  10.434  0.111  0.111  0.039
0.843  0.843  10.435  0.111  0.111  0.039
0.845  0.845  10.436  0.111  0.111  0.038
0.848  0.848  10.436  0.111  0.111  0.038
0.850  0.850  10.437  0.110  0.110  0.038
0.852  0.852  10.438  0.110  0.110  0.038
0.854  0.854  10.439  0.110  0.110  0.038
0.857  0.857  10.440  0.110  0.110  0.037
0.859  0.859  10.440  0.110  0.110  0.037
0.861  0.861  10.441  0.109  0.109  0.037
0.863  0.863  10.442  0.109  0.109  0.037
0.865  0.865  10.442  0.109  0.109  0.037
0.867  0.867  10.443  0.109  0.109  0.036
0.870  0.870  10.444  0.109  0.109  0.036
0.872  0.872  10.445  0.108  0.108  0.036
0.874  0.874  10.445  0.108  0.108  0.036
0.876  0.876  10.446  0.108  0.108  0.036
0.878  0.878  10.447  0.108  0.108  0.035
0.880  0.880  10.448  0.108  0.108  0.035
0.883  0.883  10.448  0.107  0.107  0.035
0.885  0.885  10.449  0.107  0.107  0.035
0.887  0.887  10.450  0.107  0.107  0.035
0.889  0.889  10.450  0.107  0.107  0.034
0.891  0.891  10.451  0.107  0.107  0.034
0.893  0.893  10.452  0.106  0.106  0.034
0.895  0.895  10.452  0.106  0.106  0.034
0.898  0.898  10.453  0.106  0.106  0.034
0.900  0.900  10.454  0.106  0.106  0.033
0.902  0.902  10.454  0.106  0.106  0.033
0.904  0.904  10.455  0.105  0.105  0.033
0.906  0.906  10.456  0.105  0.105  0.033
0.908  0.908  10.456  0.105  0.105  0.033
0.910  0.910  10.457  0.105  0.105  0.032
0.912  0.912  10.458  0.105  0.105  0.032
0.914  0.914  10.458  0.104  0.104  0.032
0.916  0.916  10.459  0.104  0.104  0.032
0.919  0.919  10.460  0.104  0.104  0.032
0.921  0.921  10.460  0.104  0.104  0.031
0.923  0.923  10.461  0.104  0.104  0.031
0.925  0.925  10.461  0.104  0.104  0.031
0.927  0.927  10.462  0.103  0.103  0.031
0.929  0.929  10.463  0.103  0.103  0.031
0.931  0.931  10.463  0.103  0.103  0.031
0.933  0.933  10.464  0.103  0.103  0.030
0.935  0.935  10.465  0.103  0.103  0.030
0.937  0.937  10.465  0.102  0.102  0.030
0.939  0.939  10.466  0.102  0.102  0.030
0.941  0.941  10.466  0.102  0.102  0.030
0.943  0.943  10.467  0.102  0.102  0.029
0.945  0.945  10.468  0.102  0.102  0.029
0.947  0.947  10.468  0.102  0.102  0.029
0.949  0.949  10.469  0.101  0.101  0.029
0.951  0.951  10.469  0.101  0.101  0.029
0.953  0.953  10.470  0.101  0.101  0.029
0.955  0.955  10.470  0.101  0.101  0.028
0.958  0.958  10.471  0.101  0.101  0.028
0.960  0.960  10.472  0.100  0.100  0.028
0.962  0.962  10.472  0.100  0.100  0.028
0.964  0.964  10.473  0.100  0.100  0.028
0.966  0.966  10.473  0.100  0.100  0.027
0.968  0.968  10.474  0.100  0.100  0.027
0.970  0.970  10.474  0.100  0.100  0.027
0.972  0.972  10.475  0.099  0.099  0.027
0.973  0.973  10.475  0.099  0.099  0.027
0.975  0.975  10.476  0.099  0.099  0.027
0.977  0.977  10.476  0.099  0.099  0.026
0.979  0.979  10.477  0.099  0.099  0.026
0.981  0.981  10.477  0.098  0.098  0.026
0.983  0.983  10.478  0.098  0.098  0.026
0.985  0.985  10.479  0.098  0.098  0.026
0.987  0.987  10.479  0.098  0.098  0.025
0.989  0.989  10.480  0.098  0.098  0.025
0.991  0.991  10.480  0.098  0.098  0.025
0.993  0.993  10.481  0.097  0.097  0.025
0.995  0.995  10.481  0.097  0.097  0.025
0.997  0.997  10.482  0.097  0.097  0.025
0.999  0.999  10.482  0.097  0.097  0.024
1.001  1.001  10.483  0.097  0.097  0.024
1.003  1.003  10.483  0.097  0.097  0.024
1.005  1.005  10.484  0.096  0.096  0.024
1.007  1.007  10.484  0.096  0.096  0.024
1.009  1.009  10.484  0.096  0.096  0.024
1.011  1.011  10.485  0.096  0.096  0.023
1.012  1.012  10.485  0.096  0.096  0.023
1.014  1.014  10.486  0.095  0.095  0.023
1.016  1.016  10.486  0.095  0.095  0.023
1.018  1.018  10.487  0.095  0.095  0.023
1.020  1.020  10.487  0.095  0.095  0.023
1.022  1.022  10.488  0.095  0.095  0.022
1.024  1.024  10.488  0.095  0.095  0.022
1.026  1.026  10.489  0.094  0.094  0.022
1.028  1.028  10.489  0.094  0.094  0.022
1.030  1.030  10.489  0.094  0.094  0.022
1.031  1.031  10.490  0.094  0.094  0.022
1.033  1.033  10.490  0.094  0.094  0.021
1.035  1.035  10.491  0.094  0.094  0.021
1.037  1.037  10.491  0.093  0.093  0.021
1.039  1.039  10.492  0.093  0.093  0.021
1.041  1.041  10.492  0.093  0.093  0.021
1.043  1.043  10.492  0.093  0.093  0.021
1.045  1.045  10.493  0.093  0.093  0.020
1.046  1.046  10.493  0.093  0.093  0.020
1.048  1.048  10.494  0.092  0.092  0.020
1.050  1.050  10.494  0.092  0.092  0.020
1.052  1.052  10.494  0.092  0.092  0.020
1.054  1.054  10.495  0.092  0.092  0.020
1.056  1.056  10.495  0.092  0.092  0.019
1.057  1.057  10.496  0.092  0.092  0.019
1.059  1.059  10.496  0.091  0.091  0.019
1.061  1.061  10.496  0.091  0.091  0.019
1.063  1.063  10.497  0.091  0.091  0.019
1.065  1.065  10.497  0.091  0.091  0.019
1.067  1.067  10.498  0.091  0.091  0.018
1.068  1.068  10.498  0.091  0.091  0.018
1.070  1.070  10.498  0.090  0.090  0.018
1.072  1.072  10.499  0.090  0.090  0.018
1.074  1.074  10.499  0.090  0.090  0.018
1.076  1.076  10.499  0.090  0.090  0.018
1.077  1.077  10.500  0.090  0.090  0.017
1.079  1.079  10.500  0.090  0.090  0.017
1.081  1.081  10.500  0.090  0.090  0.017
1.083  1.083  10.501  0.089  0.089  0.017
1.085  1.085  10.501  0.089  0.089  0.017
1.086  1.086  10.501  0.089  0.089  0.017
1.088  1.088  10.502  0.089  0.089  0.016
1.090  1.090  10.502  0.089  0.089  0.016
1.092  1.092  10.502  0.089  0.089  0.016
1.094  1.094  10.503  0.088  0.088  0.016
1.095  1.095  10.503  0.088  0.088  0.016
1.097  1.097  10.503  0.088  0.088  0.016
1.099  1.099  10.504  0.088  0.088  0.016
1.101  1.101  10.504  0.088  0.088  0.015
1.102  1.102  10.504  0.088  0.088  0.015
1.104  1.104  10.505  0.087  0.087  0.015
1.106  1.106  10.505  0.087  0.087  0.015
1.108  1.108  10.505  0.087  0.087  0.015
1.109  1.109  10.505  0.087  0.087  0.015
1.111  1.111  10.506  0.087  0.087  0.014
1.113  1.113  10.506  0.087  0.087  0.014
1.115  1.115  10.506  0.087  0.087  0.014
1.116  1.116  10.507  0.086  0.086  0.014
1.118  1.118  10.507  0.086  0.086  0.014
1.120  1.120  10.507  0.086  0.086  0.014
1.121  1.121  10.507  0.086  0.086  0.014
1.123  1.123  10.508  0.086  0.086  0.013
1.125  1.125  10.508  0.086  0.086  0.013
1.127  1.127  10.508  0.085  0.085  0.013
1.128  1.128  10.508  0.085  0.085  0.013
1.130  1.130  10.509  0.085  0.085  0.013
1.132  1.132  10.509  0.085  0.085  0.013
1.133  1.133  10.509  0.085  0.085  0.012
1.135  1.135  10.510  0.085  0.085  0.012
1.137  1.137  10.510  0.085  0.085  0.012
1.138  1.138  10.510  0.084  0.084  0.012
1.140  1.140  10.510  0.084  0.084  0.012
1.142  1.142  10.510  0.084  0.084  0.012
1.144  1.144  10.511  0.084  0.084  0.012
1.145  1.145  10.511  0.084  0.084  0.011
1.147  1.147  10.511  0.084  0.084  0.011
1.149  1.149  10.511  0.083  0.083  0.011
1.150  1.150  10.512  0.083  0.083  0.011
1.152  1.152  10.512  0.083  0.083  0.011
1.154  1.154  10.512  0.083  0.083  0.011
1.155  1.155  10.512  0.083  0.083  0.010
1.157  1.157  10.512  0.083  0.083  0.010
1.159  1.159  10.513  0.083  0.083  0.010
1.160  1.160  10.513  0.082  0.082  0.010
1.162  1.162  10.513  0.082  0.082  0.010
1.163  1.163  10.513  0.082  0.082  0.010
1.165  1.165  10.513  0.082  0.082  0.010
1.167  1.167  10.514  0.082  0.082  0.009
1.168  1.168  10.514  0.082  0.082  0.009
1.170  1.170  10.514  0.082  0.082  0.009
1.172  1.172  10.514  0.081  0.081  0.009
1.173  1.173  10.514  0.081  0.081  0.009
1.175  1.175  10.515  0.081  0.081  0.009
1.177  1.177  10.515  0.081  0.081  0.009
1.178  1.178  10.515  0.081  0.081  0.008
1.180  1.180  10.515  0.081  0.081  0.008
1.181  1.181  10.515  0.081  0.081  0.008
1.183  1.183  10.515  0.080  0.080  0.008
1.185  1.185  10.516  0.080  0.080  0.008
1.186  1.186  10.516  0.080  0.080  0.008
1.188  1.188  10.516  0.080  0.080  0.008
1.189  1.189  10.516  0.080  0.080  0.007
1.191  1.191  10.516  0.080  0.080  0.007
1.193  1.193  10.516  0.080  0.080  0.007
1.194  1.194  10.516  0.079  0.079  0.007
1.196  1.196  10.517  0.079  0.079  0.007
1.197  1.197  10.517  0.079  0.079  0.007
1.199  1.199  10.517  0.079  0.079  0.007
1.201  1.201  10.517  0.079  0.079  0.006
1.202  1.202  10.517  0.079  0.079  0.006
1.204  1.204  10.517  0.079  0.079  0.006
1.205  1.205  10.517  0.078  0.078  0.006
1.207  1.207  10.518  0.078  0.078  0.006
1.208  1.208  10.518  0.078  0.078  0.006
1.210  1.210  10.518  0.078  0.078  0.006
1.212  1.212  10.518  0.078  0.078  0.005
1.213  1.213  10.518  0.078  0.078  0.005
1.215  1.215  10.518  0.078  0.078  0.005
1.216  1.216  10.518  0.077  0.077  0.005
1.218  1.218  10.518  0.077  0.077  0.005
1.219  1.219  10.518  0.077  0.077  0.005
1.221  1.221  10.518  0.077  0.077  0.005
1.222  1.222  10.519  0.077  0.077  0.004
1.224  1.224  10.519  0.077  0.077  0.004
1.225  1.225  10.519  0.077  0.077  0.004
1.227  1.227  10.519  0.076  0.076  0.004
1.228  1.228  10.519  0.076  0.076  0.004
1.230  1.230  10.519  0.076  0.076  0.004
1.232  1.232  10.519  0.076  0.076  0.004
1.233  1.233  10.519  0.076  0.076  0.003
1.235  1.235  10.519  0.076  0.076  0.003
1.236  1.236  10.519  0.076  0.076  0.003
1.238  1.238  10.519  0.075  0.075  0.003
1.239  1.239  10.519  0.075  0.075  0.003
1.241  1.241  10.519  0.075  0.075  0.003
1.242  1.242  10.519  0.075  0.075  0.003
1.244  1.244  10.520  0.075  0.075  0.003
1.245  1.245  10.520  0.075  0.075  0.002
1.247  1.247  10.520  0.075  0.075  0.002
1.248  1.248  10.520  0.075  0.075  0.002
1.250  1.250  10.520  0.074  0.074  0.002
1.251  1.251  10.520  0.074  0.074  0.002
1.253  1.253  10.520  0.074  0.074  0.002
1.254  1.254  10.520  0.074  0.074  0.002
1.256  1.256  10.520  0.074  0.074  0.001
1.257  1.257  10.520  0.074  0.074  0.001
1.258  1.258  10.520  0.074  0.074  0.001
1.260  1.260  10.520  0.073  0.073  0.001
1.261  1.261  10.520  0.073  0.073  0.001
1.263  1.263  10.520  0.073  0.073  0.001
1.264  1.264  10.520  0.073  0.073  0.001
1.266  1.266  10.520  0.073  0.073  0.001
1.267  1.267  10.520  0.073  0.073  0.000
1.269  1.269  10.520  0.073  0.073  0.000
1.270  1.270  10.520  0.073  0.073  0.000
1.272  1.272  10.520  0.072  0.072  -0.000
1.273  1.273  10.520  0.072  0.072  -0.000
1.275  1.275  10.520  0.072  0.072  -0.000
1.276  1.276  10.520  0.072  0.072  -0.000
1.277  1.277  10.520  0.072  0.072  -0.001
1.279  1.279  10.520  0.072  0.072  -0.001
1.280  1.280  10.520  0.072  0.072  -0.001
1.282  1.282  10.520  0.071  0.071  -0.001
1.283  1.283  10.520  0.071  0.071  -0.001
1.285  1.285  10.520  0.071  0.071  -0.001
1.286  1.286  10.520  0.071  0.071  -0.001
1.287  1.287  10.520  0.071  0.071  -0.001
1.289  1.289  10.520  0.071  0.071  -0.002
1.290  1.290  10.520  0.071  0.071  -0.002
1.292  1.292  10.520  0.071  0.071  -0.002
1.293  1.293  10.520  0.070  0.070  -0.002
1.295  1.295  10.520  0.070  0.070  -0.002
1.296  1.296  10.520  0.070  0.070  -0.002
1.297  1.297  10.520  0.070  0.070  -0.002
1.299  1.299  10.520  0.070  0.070  -0.002
1.300  1.300  10.520  0.070  0.070  -0.003
1.302  1.302  10.520  0.070  0.070  -0.003
1.303  1.303  10.519  0.070  0.070  -0.003
1.304  1.304  10.519  0.069  0.069  -0.003
1.306  1.306  10.519  0.069  0.069  -0.003
1.307  1.307  10.519  0.069  0.069  -0.003
1.308  1.308  10.519  0.069  0.069  -0.003
1.310  1.310  10.519  0.069  0.069  -0.004
1.311  1.311  10.519  0.069  0.069  -0.004
1.313  1.313  10.519  0.069  0.069  -0.004
1.314  1.314  10.519  0.069  0.069  -0.004
1.315  1.315  10.519  0.068  0.068  -0.004
1.317  1.317  10.519  0.068  0.068  -0.004
1.318  1.318  10.519  0.068  0.068  -0.004
1.319  1.319  10.519  0.068  0.068  -0.004
1.321  1.321  10.519  0.068  0.068  -0.005
1.322  1.322  10.518  0.068  0.068  -0.005
1.324  1.324  10.518  0.068  0.068  -0.005
1.325  1.325  10.518  0.068  0.068  -0.005
1.326  1.326  10.518  0.067  0.067  -0.005
1.328  1.328  10.518  0.067  0.067  -0.005
1.329  1.329  10.518  0.067  0.067  -0.005
1.330  1.330  10.518  0.067  0.067  -0.005
1.332  1.332  10.518  0.067  0.067  -0.006
1.333  1.333  10.518  0.067  0.067  -0.006
1.334  1.334  10.517  0.067  0.067  -0.006
1.336  1.336  10.517  0.067  0.067  -0.006
1.337  1.337  10.517  0.066  0.066  -0.006
1.338  1.338  10.517  0.066  0.066  -0.006
1.340  1.340  10.517  0.066  0.066  -0.006
1.341  1.341  10.517  0.066  0.066  -0.006
1.342  1.342  10.517  0.066  0.066  -0.006
1.344  1.344  10.517  0.066  0.066  -0.007
1.345  1.345  10.516  0.066  0.066  -0.007
1.346  1.346  10.516  0.066  0.066  -0.007
1.347  1.347  10.516  0.065  0.065  -0.007
1.349  1.349  10.516  0.065  0.065  -0.007
1.350  1.350  10.516  0.065  0.065  -0.007
1.351  1.351  10.516  0.065  0.065  -0.007
1.353  1.353  10.516  0.065  0.065  -0.007
1.354  1.354  10.516  0.065  0.065  -0.008
1.355  1.355  10.515  0.065  0.065  -0.008
1.357  1.357  10.515  0.065  0.065  -0.008
1.358  1.358  10.515  0.064  0.064  -0.008
1.359  1.359  10.515  0.064  0.064  -0.008
1.360  1.360  10.515  0.064  0.064  -0.008
1.362  1.362  10.515  0.064  0.064  -0.008
1.363  1.363  10.514  0.064  0.064  -0.008
1.364  1.364  10.514  0.064  0.064  -0.009
1.366  1.366  10.514  0.064  0.064  -0.009
1.367  1.367  10.514  0.064  0.064  -0.009
1.368  1.368  10.514  0.063  0.063  -0.009
1.369  1.369  10.514  0.063  0.063  -0.009
1.371  1.371  10.513  0.063  0.063  -0.009
1.372  1.372  10.513  0.063  0.063  -0.009
1.373  1.373  10.513  0.063  0.063  -0.009
1.374  1.374  10.513  0.063  0.063  -0.010
1.376  1.376  10.513  0.063  0.063  -0.010
1.377  1.377  10.512  0.063  0.063  -0.010
1.378  1.378  10.512  0.063  0.063  -0.010
1.379  1.379  10.512  0.062  0.062  -0.010
1.381  1.381  10.512  0.062  0.062  -0.010
1.382  1.382  10.512  0.062  0.062  -0.010
1.383  1.383  10.511  0.062  0.062  -0.010
1.384  1.384  10.511  0.062  0.062  -0.010
1.386  1.386  10.511  0.062  0.062  -0.011
1.387  1.387  10.511  0.062  0.062  -0.011
1.388  1.388  10.511  0.062  0.062  -0.011
1.389  1.389  10.510  0.061  0.061  -0.011
1.391  1.391  10.510  0.061  0.061  -0.011
1.392  1.392  10.510  0.061  0.061  -0.011
1.393  1.393  10.510  0.061  0.061  -0.011
1.394  1.394  10.509  0.061  0.061  -0.011
1.396  1.396  10.509  0.061  0.061  -0.012
1.397  1.397  10.509  0.061  0.061  -0.012
1.398  1.398  10.509  0.061  0.061  -0.012
1.399  1.399  10.509  0.061  0.061  -0.012
1.400  1.400  10.508  0.060  0.060  -0.012
1.402  1.402  10.508  0.060  0.060  -0.012
1.403  1.403  10.508  0.060  0.060  -0.012
1.404  1.404  10.508  0.060  0.060  -0.012
1.405  1.405  10.507  0.060  0.060  -0.012
1.406  1.406  10.507  0.060  0.060  -0.013
1.408  1.408  10.507  0.060  0.060  -0.013
1.409  1.409  10.507  0.060  0.060  -0.013
1.410  1.410  10.506  0.060  0.060  -0.013
1.411  1.411  10.506  0.059  0.059  -0.013
1.412  1.412  10.506  0.059  0.059  -0.013
1.414  1.414  10.506  0.059  0.059  -0.013
1.415  1.415  10.505  0.059  0.059  -0.013
1.416  1.416  10.505  0.059  0.059  -0.013
1.417  1.417  10.505  0.059  0.059  -0.014
1.418  1.418  10.504  0.059  0.059  -0.014
1.419  1.419  10.504  0.059  0.059  -0.014
1.421  1.421  10.504  0.059  0.059  -0.014
1.422  1.422  10.504  0.058  0.058  -0.014
1.423  1.423  10.503  0.058  0.058  -0.014
1.424  1.424  10.503  0.058  0.058  -0.014
1.425  1.425  10.503  0.058  0.058  -0.014
1.426  1.426  10.503  0.058  0.058  -0.014
1.428  1.428  10.502  0.058  0.058  -0.015
1.429  1.429  10.502  0.058  0.058  -0.015
1.430  1.430  10.502  0.058  0.058  -0.015
1.431  1.431  10.501  0.058  0.058  -0.015
1.432  1.432  10.501  0.057  0.057  -0.015
1.433  1.433  10.501  0.057  0.057  -0.015
1.435  1.435  10.500  0.057  0.057  -0.015
1.436  1.436  10.500  0.057  0.057  -0.015
1.437  1.437  10.500  0.057  0.057  -0.015
1.438  1.438  10.500  0.057  0.057  -0.016
1.439  1.439  10.499  0.057  0.057  -0.016
1.440  1.440  10.499  0.057  0.057  -0.016
1.441  1.441  10.499  0.057  0.057  -0.016
1.442  1.442  10.498  0.056  0.056  -0.016
1.444  1.444  10.498  0.056  0.056  -0.016
1.445  1.445  10.498  0.056  0.056  -0.016
1.446  1.446  10.497  0.056  0.056  -0.016
1.447  1.447  10.497  0.056  0.056  -0.016
1.448  1.448  10.497  0.056  0.056  -0.017
1.449  1.449  10.496  0.056  0.056  -0.017
1.450  1.450  10.496  0.056  0.056  -0.017
1.451  1.451  10.496  0.056  0.056  -0.017
1.453  1.453  10.495  0.055  0.055  -0.017
1.454  1.454  10.495  0.055  0.055  -0.017
1.455  1.455  10.495  0.055  0.055  -0.017
1.456  1.456  10.494  0.055  0.055  -0.017
1.457  1.457  10.494  0.055  0.055  -0.017
1.458  1.458  10.494  0.055  0.055  -0.018
1.459  1.459  10.493  0.055  0.055  -0.018
1.460  1.460  10.493  0.055  0.055  -0.018
1.461  1.461  10.493  0.055  0.055  -0.018
1.462  1.462  10.492  0.054  0.054  -0.018
1.464  1.464  10.492  0.054  0.054  -0.018
1.465  1.465  10.491  0.054  0.054  -0.018
1.466  1.466  10.491  0.054  0.054  -0.018
1.467  1.467  10.491  0.054  0.054  -0.018
1.468  1.468  10.490  0.054  0.054  -0.018
1.469  1.469  10.490  0.054  0.054  -0.019
1.470  1.470  10.490  0.054  0.054  -0.019
1.471  1.471  10.489  0.054  0.054  -0.019
1.472  1.472  10.489  0.053  0.053  -0.019
1.473  1.473  10.488  0.053  0.053  -0.019
1.474  1.474  10.488  0.053  0.053  -0.019
1.475  1.475  10.488  0.053  0.053  -0.019
1.476  1.476  10.487  0.053  0.053  -0.019
1.477  1.477  10.487  0.053  0.053  -0.019
1.479  1.479  10.487  0.053  0.053  -0.020
1.480  1.480  10.486  0.053  0.053  -0.020
1.481  1.481  10.486  0.053  0.053  -0.020
1.482  1.482  10.485  0.053  0.053  -0.020
1.483  1.483  10.485  0.052  0.052  -0.020
1.484  1.484  10.485  0.052  0.052  -0.020
1.485  1.485  10.484  0.052  0.052  -0.020
1.486  1.486  10.484  0.052  0.052  -0.020
1.487  1.487  10.483  0.052  0.052  -0.020
1.488  1.488  10.483  0.052  0.052  -0.020
1.489  1.489  10.483  0.052  0.052  -0.021
1.490  1.490  10.482  0.052  0.052  -0.021
1.491  1.491  10.482  0.052  0.052  -0.021
1.492  1.492  10.481  0.052  0.052  -0.021
1.493  1.493  10.481  0.051  0.051  -0.021
1.494  1.494  10.480  0.051  0.051  -0.021
1.495  1.495  10.480  0.051  0.051  -0.021
1.496  1.496  10.480  0.051  0.051  -0.021
1.497  1.497  10.479  0.051  0.051  -0.021
1.498  1.498  10.479  0.051  0.051  -0.022
1.499  1.499  10.478  0.051  0.051  -0.022
1.500  1.500  10.478  0.051  0.051  -0.022
1.501  1.501  10.477  0.051  0.051  -0.022
1.502  1.502  10.477  0.050  0.050  -0.022
1.503  1.503  10.477  0.050  0.050  -0.022
1.504  1.504  10.476  0.050  0.050  -0.022
1.505  1.505  10.476  0.050  0.050  -0.022
1.506  1.506  10.475  0.050  0.050  -0.022
1.507  1.507  10.475  0.050  0.050  -0.022
1.508  1.508  10.474  0.050  0.050  -0.023
1.509  1.509  10.474  0.050  0.050  -0.023
1.510  1.510  10.473  0.050  0.050  -0.023
1.511  1.511  10.473  0.050  0.050  -0.023
1.512  1.512  10.473  0.049  0.049  -0.023
1.513  1.513  10.472  0.049  0.049  -0.023
1.514  1.514  10.472  0.049  0.049  -0.023
1.515  1.515  10.471  0.049  0.049  -0.023
1.516  1.516  10.471  0.049  0.049  -0.023
1.517  1.517  10.470  0.049  0.049  -0.023
1.518  1.518  10.470  0.049  0.049  -0.024
1.519  1.519  10.469  0.049  0.049  -0.024
1.520  1.520  10.469  0.049  0.049  -0.024
1.521  1.521  10.468  0.049  0.049  -0.024
1.522  1.522  10.468  0.048  0.048  -0.024
1.523  1.523  10.467  0.048  0.048  -0.024
1.524  1.524  10.467  0.048  0.048  -0.024
1.525  1.525  10.466  0.048  0.048  -0.024
1.526  1.526  10.466  0.048  0.048  -0.024
1.527  1.527  10.465  0.048  0.048  -0.024
1.528  1.528  10.465  0.048  0.048  -0.025
1.529  1.529  10.464  0.048  0.048  -0.025
1.530  1.530  10.464  0.048  0.048  -0.025
1.531  1.531  10.463  0.048  0.048  -0.025
1.532  1.532  10.463  0.047  0.047  -0.025
1.533  1.533  10.463  0.047  0.047  -0.025
1.534  1.534  10.462  0.047  0.047  -0.025
1.535  1.535  10.461  0.047  0.047  -0.025
1.536  1.536  10.461  0.047  0.047  -0.025
1.536  1.536  10.460  0.047  0.047  -0.025
1.537  1.537  10.460  0.047  0.047  -0.025
1.538  1.538  10.459  0.047  0.047  -0.026
1.539  1.539  10.459  0.047  0.047  -0.026
1.540  1.540  10.458  0.047  0.047  -0.026
1.541  1.541  10.458  0.047  0.047  -0.026
1.542  1.542  10.457  0.046  0.046  -0.026
1.543  1.543  10.457  0.046  0.046  -0.026
1.544  1.544  10.456  0.046  0.046  -0.026
1.545  1.545  10.456  0.046  0.046  -0.026
1.546  1.546  10.455  0.046  0.046  -0.026
1.547  1.547  10.455  0.046  0.046  -0.026
1.548  1.548  10.454  0.046  0.046  -0.027
1.549  1.549  10.454  0.046  0.046  -0.027
1.549  1.549  10.453  0.046  0.046  -0.027
1.550  1.550  10.453  0.046  0.046  -0.027
1.551  1.551  10.452  0.045  0.045  -0.027
1.552  1.552  10.452  0.045  0.045  -0.027
1.553  1.553  10.451  0.045  0.045  -0.027
1.554  1.554  10.451  0.045  0.045  -0.027
1.555  1.555  10.450  0.045  0.045  -0.027
1.556  1.556  10.449  0.045  0.045  -0.027
1.557  1.557  10.449  0.045  0.045  -0.027
1.558  1.558  10.448  0.045  0.045  -0.028
1.559  1.559  10.448  0.045  0.045  -0.028
1.559  1.559  10.447  0.045  0.045  -0.028
1.560  1.560  10.447  0.045  0.045  -0.028
1.561  1.561  10.446  0.044  0.044  -0.028
1.562  1.562  10.446  0.044  0.044  -0.028
1.563  1.563  10.445  0.044  0.044  -0.028
1.564  1.564  10.444  0.044  0.044  -0.028
1.565  1.565  10.444  0.044  0.044  -0.028
1.566  1.566  10.443  0.044  0.044  -0.028
1.566  1.566  10.443  0.044  0.044  -0.029
1.567  1.567  10.442  0.044  0.044  -0.029
1.568  1.568  10.442  0.044  0.044  -0.029
1.569  1.569  10.441  0.044  0.044  -0.029
1.570  1.570  10.440  0.044  0.044  -0.029
1.571  1.571  10.440  0.043  0.043  -0.029
1.572  1.572  10.439  0.043  0.043  -0.029
1.573  1.573  10.439  0.043  0.043  -0.029
1.573  1.573  10.438  0.043  0.043  -0.029
1.574  1.574  10.438  0.043  0.043  -0.029
1.575  1.575  10.437  0.043  0.043  -0.029
1.576  1.576  10.436  0.043  0.043  -0.030
1.577  1.577  10.436  0.043  0.043  -0.030
1.578  1.578  10.435  0.043  0.043  -0.030
1.579  1.579  10.435  0.043  0.043  -0.030
1.579  1.579  10.434  0.043  0.043  -0.030
1.580  1.580  10.433  0.042  0.042  -0.030
1.581  1.581  10.433  0.042  0.042  -0.030
1.582  1.582  10.432  0.042  0.042  -0.030
1.583  1.583  10.432  0.042  0.042  -0.030
1.584  1.584  10.431  0.042  0.042  -0.030
1.585  1.585  10.430  0.042  0.042  -0.030
1.585  1.585  10.430  0.042  0.042  -0.031
1.586  1.586  10.429  0.042  0.042  -0.031
1.587  1.587  10.429  0.042  0.042  -0.031
1.588  1.588  10.428  0.042  0.042  -0.031
1.589  1.589  10.427  0.042  0.042  -0.031
1.590  1.590  10.427  0.041  0.041  -0.031
1.590  1.590  10.426  0.041  0.041  -0.031
1.591  1.591  10.425  0.041  0.041  -0.031
1.592  1.592  10.425  0.041  0.041  -0.031
1.593  1.593  10.424  0.041  0.041  -0.031
1.594  1.594  10.424  0.041  0.041  -0.031
1.594  1.594  10.423  0.041  0.041  -0.031
1.595  1.595  10.422  0.041  0.041  -0.032
1.596  1.596  10.422  0.041  0.041  -0.032
1.597  1.597  10.421  0.041  0.041  -0.032
1.598  1.598  10.420  0.041  0.041  -0.032
1.599  1.599  10.420  0.040  0.040  -0.032
1.599  1.599  10.419  0.040  0.040  -0.032
1.600  1.600  10.418  0.040  0.040  -0.032
1.601  1.601  10.418  0.040  0.040  -0.032
1.602  1.602  10.417  0.040  0.040  -0.032
1.603  1.603  10.417  0.040  0.040  -0.032
1.603  1.603  10.416  0.040  0.040  -0.032
1.604  1.604  10.415  0.040  0.040  -0.033
1.605  1.605  10.415  0.040  0.040  -0.033
1.606  1.606  10.414  0.040  0.040  -0.033
1.607  1.607  10.413  0.040  0.040  -0.033
1.607  1.607  10.413  0.040  0.040  -0.033
1.608  1.608  10.412  0.039  0.039  -0.033
1.609  1.609  10.411  0.039  0.039  -0.033
1.610  1.610  10.411  0.039  0.039  -0.033
1.611  1.611  10.410  0.039  0.039  -0.033
1.611  1.611  10.409  0.039  0.039  -0.033
1.612  1.612  10.409  0.039  0.039  -0.033
1.613  1.613  10.408  0.039  0.039  -0.033
1.614  1.614  10.407  0.039  0.039  -0.034
1.614  1.614  10.407  0.039  0.039  -0.034
1.615  1.615  10.406  0.039  0.039  -0.034
1.616  1.616  10.405  0.039  0.039  -0.034
1.617  1.617  10.405  0.039  0.039  -0.034
1.618  1.618  10.404  0.038  0.038  -0.034
1.618  1.618  10.403  0.038  0.038  -0.034
1.619  1.619  10.403  0.038  0.038  -0.034
1.620  1.620  10.402  0.038  0.038  -0.034
1.621  1.621  10.401  0.038  0.038  -0.034
1.621  1.621  10.401  0.038  0.038  -0.034
1.622  1.622  10.400  0.038  0.038  -0.034
1.623  1.623  10.399  0.038  0.038  -0.035
1.624  1.624  10.398  0.038  0.038  -0.035
1.624  1.624  10.398  0.038  0.038  -0.035
1.625  1.625  10.397  0.038  0.038  -0.035
1.626  1.626  10.396  0.038  0.038  -0.035
1.627  1.627  10.396  0.037  0.037  -0.035
1.627  1.627  10.395  0.037  0.037  -0.035
1.628  1.628  10.394  0.037  0.037  -0.035
1.629  1.629  10.394  0.037  0.037  -0.035
1.630  1.630  10.393  0.037  0.037  -0.035
1.630  1.630  10.392  0.037  0.037  -0.035
1.631  1.631  10.391  0.037  0.037  -0.035
1.632  1.632  10.391  0.037  0.037  -0.036
1.633  1.633  10.390  0.037  0.037  -0.036
1.633  1.633  10.389  0.037  0.037  -0.036
1.634  1.634  10.389  0.037  0.037  -0.036
1.635  1.635  10.388  0.037  0.037  -0.036
1.635  1.635  10.387  0.036  0.036  -0.036
1.636  1.636  10.387  0.036  0.036  -0.036
1.637  1.637  10.386  0.036  0.036  -0.036
1.638  1.638  10.385  0.036  0.036  -0.036
1.638  1.638  10.384  0.036  0.036  -0.036
1.639  1.639  10.384  0.036  0.036  -0.036
1.640  1.640  10.383  0.036  0.036  -0.036
1.641  1.641  10.382  0.036  0.036  -0.036
1.641  1.641  10.381  0.036  0.036  -0.037
1.642  1.642  10.381  0.036  0.036  -0.037
1.643  1.643  10.380  0.036  0.036  -0.037
1.643  1.643  10.379  0.036  0.036  -0.037
1.644  1.644  10.378  0.036  0.036  -0.037
1.645  1.645  10.378  0.035  0.035  -0.037
1.646  1.646  10.377  0.035  0.035  -0.037
1.646  1.646  10.376  0.035  0.035  -0.037
1.647  1.647  10.376  0.035  0.035  -0.037
1.648  1.648  10.375  0.035  0.035  -0.037
1.648  1.648  10.374  0.035  0.035  -0.037
1.649  1.649  10.373  0.035  0.035  -0.037
1.650  1.650  10.373  0.035  0.035  -0.038
1.650  1.650  10.372  0.035  0.035  -0.038
1.651  1.651  10.371  0.035  0.035  -0.038
1.652  1.652  10.370  0.035  0.035  -0.038
1.653  1.653  10.370  0.035  0.035  -0.038
1.653  1.653  10.369  0.035  0.035  -0.038
1.654  1.654  10.368  0.034  0.034  -0.038
1.655  1.655  10.367  0.034  0.034  -0.038
1.655  1.655  10.367  0.034  0.034  -0.038
1.656  1.656  10.366  0.034  0.034  -0.038
1.657  1.657  10.365  0.034  0.034  -0.038
1.657  1.657  10.364  0.034  0.034  -0.038
1.658  1.658  10.363  0.034  0.034  -0.038
1.659  1.659  10.363  0.034  0.034  -0.038
1.659  1.659  10.362  0.034  0.034  -0.039
1.660  1.660  10.361  0.034  0.034  -0.039
1.661  1.661  10.360  0.034  0.034  -0.039
1.661  1.661  10.360  0.034  0.034  -0.039
1.662  1.662  10.359  0.034  0.034  -0.039
1.663  1.663  10.358  0.033  0.033  -0.039
1.663  1.663  10.357  0.033  0.033  -0.039
1.664  1.664  10.356  0.033  0.033  -0.039
1.665  1.665  10.356  0.033  0.033  -0.039
1.665  1.665  10.355  0.033  0.033  -0.039
1.666  1.666  10.354  0.033  0.033  -0.039
1.667  1.667  10.353  0.033  0.033  -0.039
1.667  1.667  10.353  0.033  0.033  -0.039
1.668  1.668  10.352  0.033  0.033  -0.040
1.669  1.669  10.351  0.033  0.033  -0.040
1.669  1.669  10.350  0.033  0.033  -0.040
1.670  1.670  10.349  0.033  0.033  -0.040
1.671  1.671  10.349  0.033  0.033  -0.040
1.671  1.671  10.348  0.032  0.032  -0.040
1.672  1.672  10.347  0.032  0.032  -0.040
1.673  1.673  10.346  0.032  0.032  -0.040
1.673  1.673  10.345  0.032  0.032  -0.040
1.674  1.674  10.345  0.032  0.032  -0.040
1.675  1.675  10.344  0.032  0.032  -0.040
1.675  1.675  10.343  0.032  0.032  -0.040
1.676  1.676  10.342  0.032  0.032  -0.040
1.677  1.677  10.341  0.032  0.032  -0.040
1.677  1.677  10.341  0.032  0.032  -0.041
1.678  1.678  10.340  0.032  0.032  -0.041
1.678  1.678  10.339  0.032  0.032  -0.041
1.679  1.679  10.338  0.032  0.032  -0.041
1.680  1.680  10.337  0.032  0.032  -0.041
1.680  1.680  10.336  0.031  0.031  -0.041
1.681  1.681  10.336  0.031  0.031  -0.041
1.682  1.682  10.335  0.031  0.031  -0.041
1.682  1.682  10.334  0.031  0.031  -0.041
1.683  1.683  10.333  0.031  0.031  -0.041
1.683  1.683  10.332  0.031  0.031  -0.041
1.684  1.684  10.332  0.031  0.031  -0.041
1.685  1.685  10.331  0.031  0.031  -0.041
1.685  1.685  10.330  0.031  0.031  -0.041
1.686  1.686  10.329  0.031  0.031  -0.042
1.687  1.687  10.328  0.031  0.031  -0.042
1.687  1.687  10.327  0.031  0.031  -0.042
1.688  1.688  10.327  0.031  0.031  -0.042
1.688  1.688  10.326  0.031  0.031  -0.042
1.689  1.689  10.325  0.031  0.031  -0.042
1.690  1.690  10.324  0.030  0.030  -0.042
1.690  1.690  10.323  0.030  0.030  -0.042
1.691  1.691  10.322  0.030  0.030  -0.042
1.691  1.691  10.322  0.030  0.030  -0.042
1.692  1.692  10.321  0.030  0.030  -0.042
1.693  1.693  10.320  0.030  0.030  -0.042
1.693  1.693  10.319  0.030  0.030  -0.042
1.694  1.694  10.318  0.030  0.030  -0.042
1.694  1.694  10.317  0.030  0.030  -0.042
1.695  1.695  10.316  0.030  0.030  -0.043
1.696  1.696  10.316  0.030  0.030  -0.043
1.696  1.696  10.315  0.030  0.030  -0.043
1.697  1.697  10.314  0.030  0.030  -0.043
1.697  1.697  10.313  0.030  0.030  -0.043
1.698  1.698  10.312  0.029  0.029  -0.043
1.699  1.699  10.311  0.029  0.029  -0.043
1.699  1.699  10.310  0.029  0.029  -0.043
1.700  1.700  10.310  0.029  0.029  -0.043
1.700  1.700  10.309  0.029  0.029  -0.043
1.701  1.701  10.308  0.029  0.029  -0.043
1.702  1.702  10.307  0.029  0.029  -0.043
1.702  1.702  10.306  0.029  0.029  -0.043
1.703  1.703  10.305  0.029  0.029  -0.043
1.703  1.703  10.304  0.029  0.029  -0.043
1.704  1.704  10.304  0.029  0.029  -0.044
1.704  1.704  10.303  0.029  0.029  -0.044
1.705  1.705  10.302  0.029  0.029  -0.044
1.706  1.706  10.301  0.029  0.029  -0.044
1.706  1.706  10.300  0.029  0.029  -0.044
1.707  1.707  10.299  0.029  0.029  -0.044
1.707  1.707  10.298  0.028  0.028  -0.044
1.708  1.708  10.297  0.028  0.028  -0.044
1.708  1.708  10.297  0.028  0.028  -0.044
1.709  1.709  10.296  0.028  0.028  -0.044
1.710  1.710  10.295  0.028  0.028  -0.044
1.710  1.710  10.294  0.028  0.028  -0.044
1.711  1.711  10.293  0.028  0.028  -0.044
1.711  1.711  10.292  0.028  0.028  -0.044
1.712  1.712  10.291  0.028  0.028  -0.044
1.712  1.712  10.290  0.028  0.028  -0.045
1.713  1.713  10.289  0.028  0.028  -0.045
1.713  1.713  10.289  0.028  0.028  -0.045
1.714  1.714  10.288  0.028  0.028  -0.045
1.715  1.715  10.287  0.028  0.028  -0.045
1.715  1.715  10.286  0.028  0.028  -0.045
1.716  1.716  10.285  0.027  0.027  -0.045
1.716  1.716  10.284  0.027  0.027  -0.045
1.717  1.717  10.283  0.027  0.027  -0.045
1.717  1.717  10.282  0.027  0.027  -0.045
1.718  1.718  10.281  0.027  0.027  -0.045
1.718  1.718  10.281  0.027  0.027  -0.045
1.719  1.719  10.280  0.027  0.027  -0.045
1.720  1.720  10.279  0.027  0.027  -0.045
1.720  1.720  10.278  0.027  0.027  -0.045
1.721  1.721  10.277  0.027  0.027  -0.045
1.721  1.721  10.276  0.027  0.027  -0.046
1.722  1.722  10.275  0.027  0.027  -0.046
1.722  1.722  10.274  0.027  0.027  -0.046